25
81
115
131
23
99
136
73
101
96
132
105
99
58
31
64
94
122
135
97
72
96
120
18
91
58
105
98
112
26
92
20
123
120
37
87
46
129
41
80
137
23
91
28
86
118
32
134
22
94
88
93
71
86
93
120
47
23
27
73
96
69
100
98
70
52
113
105
135
96
71
20
117
107
75
119
121
132
79
78
31
123
69
77
29
118
98
113
137
18
133
61
53
35
70
60
64
25
135
140
141
95
111
80
30
68
49
131
120
38
138
94
143
119
88
82
118
141
92
44
26
137
24
110
137
147
36
78
66
121
123
130
51
17
72
132
103
148
20
54
109
87
89
72
55
16
105
16
127
123
17
102
45
62
142
131
46
64
123
97
139
148
65
98
141
88
53
104
103
95
147
124
43
134
111
141
78
93
111
120
65
125
44
116
17
79
126
27
70
81
98
150
58
60
63
33
94
124
41
137
26
25
116
36
26
50
44
131
140
38
51
106
97
144
60
22
67
81
67
122
79
57
125
47
121
103
32
67
111
148
150
90
98
148
132
143
32
95
37
99
110
71
149
92
41
36
112
69
41
52
130
46
106
129
109
71
47
53
49
86
66
66
36
29
16
30
74
39
19
141
48
140
74
115
49
103
128
136
73
108
94
69
129
66
117
84
17
84
19
83
27
123
106
70
33
48
29
68
132
50