1938
1967
1962
1990
2028
1900
2030
1984
1979
1930
1926
1920
1919
1980
1955
1964
1924
1907
2024
2022
2030
1900
1920
1927
1900
2007
1973
1908
1926
1972
1986
2039
1933
1945
2038
2022
1959
1925
1963
1992
1912
2007
1953
1976
1910
1965
1970
1984
1956
2015
1915
1907
1923
1976
1995
1930
2017
1961
1977
1903
2034
1921
1930
1989
2020
1908
1921
2018
1916
2008
1949
1923
2014
1980
1973
1986
2035
1961
1908
2001
1991
1997
2007
1968
1989
2031
1985
1932
2000
1996
1941
1924
1967
1939
2035
1921
2033
1971
1982
2019
2028
1971
1912
1969
2021
1943
1970
1916
1988
2021
1928
1984
1959
1970
1970
2000
1952
1919
1990
1913
1995
1997
1945
2023
2014
1952
1900
1954
1964
1980
1906
1944
1914
2038
1901
2000
1935
1972
1962
1909
2029
2028
2015
1959
2016
2011
1923
1937
1955
1923