5278
6434
3704
4551
5543
6236
4472
1604
4970
4736
1528
5881
6090
1642
4453
5291
1886
3634
2939
3176
6072
4776
3452
2787
5105
1874
6416
2415
2266
3317
6009
2474
1811
4437
3571
1998
2835
2711
4514
2702
3218
4641
5438
2076
2766
4016
4240
3711
1710
6348
6181
2329
3890
6079
5729
6245
5842
6495
3266
3629
5374
2320
5546
4859
4696
2592
4893
3428
5660
4076
4167
6425
5556
6106
5971
3442
5157
5090
6167
3272
2502
2572
4475
1564
4731
5847
2519
2342
2114
3127
6257
2841
3215
6143
3192
2986
3759
6329
2184
3150
3173
4669
4573
1550
3110
2115
5068
4328
3744
3096
4582
5820
3642
5023
6071
6077
5596
4496
3919
5211
4227
5280
5713
4701
3888
3281
4258
2676
2341
3328
1925
4548
3160
1868
4951
1725
2391
4236
4478
2653
2352
5763
2789
2752
6160
3222
6466
2729
5651
1772
2088
6379
6026
5465
3480
5968
5212
6132
4138
2091
2874
4264
3515
4373
4969
4311
2942
5740
2579
2213
5392
5456
4612
2448
5763
5516
6472
4815
5563
5442
4621
5155
2479
3070
2795
2946
3114
5350
3658
1584
4613
2900
2484
4655
5221
4000
3248
5249
3858
3856
4193
3855
3833
4934
4197
3457
4052
4971
4936
1910
5635
4529
3243
3978
5280
3988
3230
1743
6231
5683
1715
5027
4929
2303
1886
4204
4752
1819
5240
4111
2453
5122
1605
6285
1752
4497
1564
2805
5861
1574
1777
5766
5572
2079
3542
6260
5323
3638
5676
4039
2968
6271
5087
4406
5822
3078
6102
2547
2935
2010
6176
4347
2385
5051
3902
5938
5916
5547
4603
2955
2612
1922
4297
3248
6322
1583
4376
3357
6156
3882
6223
4049
5258
2726
2533
5200
5878
2081
5519
3564
5034
5051
2887
2922
1561
4916
5024
6013
3995
5384