-60
323
307
-94
13
25
185
719
928
863
340
102
49
180
7
-47
699
470
375
738
635
319
304
898
779
-80
663
894
544
743
87
107
464
269
483
356
181
510
443
70
797
999
862
652
-11
651
-34
-78
247
478
585
520
824
429
11
771
922
708
981
57
735
351
150
985
473
397
362
802
366
716
861
696
414
89
979
272
-12
610
574
628
200
131
690
448
703
597
328
554
259
737
726
392
912
903
578
938
871
218
485
927
214
-8
934
208
907
264
552
487
902
457
739
405
526
976
78
639
-77
567
638
-13
654
997
203
692
969
682
-33
697
956
466
645
649
72
21
799
530
-100
91
371
166
211
468
441
-69
120
662
832
619
591
796
227
63
232
399
800
840
671
741
33
451
783
-43
895
337
225
704
932
48
823
-57
104
857
494
792
343
503
495
-38
-62
123
68
183
858
873
-97
514
562
631
377
75
846
713
731
654
63
875
435
653
35
